15830038096
13932073795
15512725985
15232868657
18600222510
15532023915
18932716710
15132085679
15832086230
15930011119
15369066087
15900866038
13918526198
13333140918
15075402251
13832032273
15532077786
15832021726
13131072360
13343307836
15102627083
15128009038
15232008778
13131006850
13730018151
13057318142
15200123623
13722676436
13403204320
15175087205
15133019110
17736168875
13400309903
13231078637
13673200176
15245754887
18131007702
15130008989
13731013102
18303339515
13131083034
15200134302
18232060772
15617170933
15369026861
15102690301
15533002886
13463085343
13513102321
15100414460
15132072351
15176057200
13931073904
15531027601
15081624679
15632071713
15830065693
15530043000
18003200691
15203205505
15716826275
15832079926
15200111670
15544887726
15131044455
15231095317
15833105752
15184674588
15612075561
18034207575
15533034489
15733416165
15350504949
15100047230
15176033239
15531028949
15128876958
15833000660
13315027631
13180536521
15614041834
18731095464
15027990696
15100098872
15532096087
18831026128
15075004738
13831075576
18630087876
13303300057
18632051565
15631029571
13223113316
13313003102
15031074147
17713032580
13400301165
13703203469
13684574855
15033880705
13082155972
15219277784
15075407936
18231032831
13223146246
17732041375
13785028585
15100341810
15930915175
13283417665
13012109288
17732052020
13903201972
15733619703
15630063617
13653303773
15932770885
15232820678
15188808010
13323205200
15030407608
13832068263
15176002945
18103207400
18730020022
18731016658
18801854802
13315004992
13031458897
13373008899
13903300078
18003200681
15100049009
13655584445
13483418392
15860343799
15176029195
15188810331
15175006664
13503301689
15030415239
13103307275
13633101739
18031045019
18911850478
13730015098
13313303848
18303005485
15081002680
15033005252
15965160803
15130005886
13290570454
13931094815
15233893440
13231006133
18231020833
13932063526
15031041200
18231018506
15097650631
18303009872
13730060507
15130015217
15733055673
13170480538
15100064600
15733030392
13739799783
15733013837
13261078260
15100039667
15297510641
13393009091
15131045757
15831068584
15830099065
15830005154
15833301836
13230092236
13785067345
15132061644
15081714653
13903108383
15930801117
18103206106
15531060282
15533333867
13082139864
18931071787
13463040415
13703102761
13393105761
13131016261
15027989616
13293068992
13932081337
15227992709
13333105758
18686521565
15383206760
18931071792
15102627919
15531089957
18903105672
13472035090
15803304415
18003105235
15932797924
18800335529
13303202499
15613003748
13463005255
13483001452
13731048624
13832014446
15100065995
13752199240
15081005705
18931019998
15713307210
13832023384
13811111111
13383088032
13463055527
13832086067
18816634698
15176088365
13283126684
13223112045
15103101678
18631033866
15930803713
13323006977
18931038298
15831042828
15233865416
15503089153
18274859904
18232028602
13433258615
13931058320
15503109209
17713042773
13932080027
13031984685
18903206385
15028020153
13582309586
18630023859
18732092202
13754488002
13131071090
15630039090
13903303922
15012779050
15833003771
18031067209
15532086686
18732082820
13785011791
15613039706
15075091101
17717764321
15133070423
13293068985
15100446000
13784008272
15230066186
15033880789
15733619732
15031019342
13323004333
18303021535
15131076029
15830053621
13383006957
15533076236
18003205515
18630000244
13910251796
15833100919
15031010125
13483417908
15227979772
15297512410
15227999389
15133077026
15833448717
17193268878
18331883185
15531076676
15128086041
15512771848
15081786392
18832071426
13932015878
15031404385
15132049944
15832034150
18903104309
13286545450
13932090246
15188860660
13001465596
13730002615
18731093623
18633663956
15373766951
15832084425
15933865552
13111304366
17631328236
13333003760
15081609901
13832045552
15031091530
18730036444
15230024355
15100300418
13230088150
18803302988
15233222573
18626212738
15128880144
15232014584
18910631839
13363041668
15145343044
15833086944
18931186186
13730052040
15097848808
13903301317
15830036254
15132035315
13784011873
13363048268
18731029907
15033101021
13930070122
17731074424
13550220393
15830083569
13784241344
13795206661
15932772681
18304055555
15081035521
15103209801
18103306390
15081090423
13463102413
15373770186
15032870675
15613006835
15100022848
15132080797
15511001249
15233800907
13483408166
15833415805
18031078766
13483036123
18931052529
13286546751
15232827255
13730044448
13315053935
15511052909
15027961272
13428977016
13932045761
18230229826
17713071235
18903309769
18730072109
13730038564
17731026804
15733011143
13383306068
18231049759
15030073089
15176066972
13352647899
15831056616
13131032220
13383009155
13730038561
18621272438
13333005515
15931021257
15630042673
13803108131
17703209011
13363051022
18826557720
13472002100
18603201086
18803005250
15830037571
15830004648
18531009293
13293007983
15033069314
18230262416
13603207750
18730072114
15830766086
15533073266
15232010185
15233224313
13111361787
15199908889
15833302228
13613109018
13730004322
15831856770
18730026215
13483008933
18932711838
18931059258
15188860598
15081727196
18803203975
13831060508
15003309951
15544709943
18132953122
13001463879
18231061415
15176062585
15188872553
13930002837
15232010159
13463060970
18931028985
18903100044
13333006822
13739678675
15833085585
15100007130
17710112014
13731046821
13930078035
13131000665
13730087501
13785087701
15027986518
15632038383
18132249900
18231047121
13383308698
18232002085
13171790473
15133038329
18730072136
15203200720
13080408051
15232010162
18330093214
15544731862
15284389898
18806333526
15028028942
15028041983
18630026971
15803303952
18577774444
15227919135
15030020581
15176003353
18303027603
13082147565
18931036589
15613089956
15189922407
18631041558
18232004692
18303057499
13513106690
13784217775
18632012809
18632003089
13102256986
15832090386
13363019795
15132020202
15831078847
15532007066
15188805801
13730043963
18732092103
15373790654
15128926916
15231055234
15930015471
13293038212
15033060939
18303238001
15833444405
15233886267
15232895428
13315029317
15128029590
15713108195
15833408776
18603309335
13703207081
15188854712
15933000703
13288792874
15128095049
15232011479
15232010145
15531018680
15233891612
18931053908
15933205211
18730062757
15232010142
13653309882
13932009232
13730005617
13513105359
18031097895
13812345678
15128000711
15232010140
13903209903
13673109972
13343002334
13313000930
13230099798
15128888054
13730088889
18503100312
15175013848
13122564125
18831016818
15830766035
15232816639
15027902015
17631322181
17703308953
18632008765
17731091008
13911225212
13932009244
15303303270
15130044682
13513104018
18031071294
13393008567
18348736889
13333311231
15631484418
18231072119
18630051954
15032004046
15003108063
15175032113
15176076363
15232003838
15102643903
13761329033
15813201020
15833097536
15369068612
15232010123
15833051332
15632088647
15833051330
15232010125
15100080631
15176036261
15188836051
15081007593
15176007728
15262132321
15133025068
15832078696
13400105140
13416208893
15632021515
18730088530
13930056639
15100071765
15188807515
13956895245
15831851934
15830009498
15027900211
13313105996
18633460406
15932797003
15030098300
13373205362
13223111501
13230062495
15631027883
18832052268
15030028430
15632039600
15373791135
13283434135
13730412110
18131027257
18303093149
15100442542
18303202009
15512706030
15226922973
15233873833
13131010042
15033035132
15030075670
13831017754
15833300445
15033872235
13165509210
15833066436
15832023515
13731005444
15531047188
13731005443
15176010548
13722481263
15833008534
18132950930
15003306844
15613041111
15127004474
18931607681
15102658199
13303000281
15133075308
18303390723
15230029119
13931082916
18722228283
13722376546
13739664857
18803109955
13463011110
15027922452
15544733657
15131052006
15028492819
13831088922
18131032639
15833041160
15102651564
15831813670
15531069573
15612089332
18932712300
15230066986
15100000597
13286544931
15831042054
13733200054
17713060502
15081715142
13333009929
13231062231
13363081706
18000302257
13270114460
15831094089
13270114461
15201592293
15003202931
15075065726
13393108036
18733109472
15188808887
15369021136
13363106650
18132956254
15028068153
15830735703
13373204075
13293084990
18230101320
13832037127
15102619400
13363021245
14703015017
15903309520
15081771201
15081793475
15803100506
13389786923
18630099955
13343309642
13630807644
13722291169
15130017016
13356789121
13903303067
13931073150
15033083650
13230078807
15830009447
15801245145
15530018858
13932086204
15369002875
18630036393
18303245176
15630084448
18931618308
13932099508
15175090805
13785222036
15933302358
15226926493
15932034313
13011539332
18730084151
15175417519
13623202699
18132300833
15930804210
15930805540
15028014346
13903303050
13831019506
13788246401
18831077774
13730051521
15932777455
13522943010
13932055996
15733611001
15200111759
15833104508
15632073543
15232073053
13111111111
15830064281
13231025296
13582302119
15176019792
15030015115
13662155363
15833028179
15222757963
15032007956
18231067609
18303225568
15232016299
15830757967
13111386164
15075007878
13231097753
15188854774
15833405681
13400101616
15132059293
15531062984
18931080646
15127051695
15027921171
18034002221
15227492278
13785008901
15251515251
18731032737
15832044412
15232845107
13472007106
15203306107
13673201390
13303102926
18677770036
15233839861
15233814563
15132051307
13313301330
18603301258
15833401313
13463044903
13711114858
15832054519
15128920610
15690008994
13111112222
18132108157
15612050122
13778965543
15231816691
13878854771
13731026560
13213308470
13785052121
15200148828
15075015551
15100028845
13191700611
13730089226
15081784675
13703101334
15100060105
15333302576
13903202515
15831078078
13920123456
15369058596
15210463549
15630060650
13663104552
18730044771
13168881712
15188805030
15133008308
13831095296
18731062614
15030096626
15631434901
15075402350
18600234600
13930065530
15383107746
15013196677
13503300427
13111358930
13673122268
13111309965
13269713337
13131025278
15075041845
15532038284
15511007547
13103102656
15511007546
15100425048
17734304002
15231083210
15833206319
13722483830
15630038720
15930103007
15932206668
13047700166
18303037147
14730105097
17732033884
18231018672
15733022615
15128023239
13785045816
13082138695
15081774422
17631678554
13931010201
15231899896
15303106665
13025896623
18131085988
15030010396
15081601212
15176033325
15133055511
13730070658
13630805073
18931067762
13286549704
15131006289
13313001230
15369002105
15030067286
18229773761
13722699220
18630076458
15111223344
15128883372
13333109197
18330053331
13082142565
15612084347
15931402289
13333001865
15831814014
13313003884
18231018651
15030025413
13722391210
13722486081
13730070653
15830080321
15632011987
15297578958
15830752211
13714449921
13333204520
18831019777
15128921917
13832069462
15333104487
18931001914
13733305180
18630051166
13333200139
15932755980
13903305874
15127997521
15102609344
18617560358
17744557559
17736167430
15100027585
15821109885
15831001563
15612097675
15703209895
13722342296
13784221699
13283127260
15733022663
15833080896
13030003000
13373006335
13730021619
13730418155
13373109492
15176033312
15713009096
15832034904
13343302277
13230070103
15933896573
18931066400
13832021424
15533319690
15830009624
18731051991
13831023617
15032884564
15530069544
15032035320
18631012806
18348776878
18731050669
15369037694
15200122232
18303372873
15130036002
15703209878
15081055997
15131070809
18603101880
13653302369
15131058363
13653105180
13131079953
13501342614
13952321212
15127012994
15030088181
15131026777
15132037871
13924296622
18903105557
13930095318
15075000444
15833601605
13230030098
13011938089
18903105552
15227417171
13739637948
15027919863
15373796031
18803002935
15933108228
13230045117
15533057865
18730070213
13730031085
15232886598
13733300376
18231099069
15175019816
15097668697
13785083287
15027997373
15231044498
13722580354
13031988914
15833103046
15128020108
15614007869
15081778848
15032000622
18631065317
13022569845
13754482830
15188843399
15132062819
13730009144
18132951226
15075091238
15200102678
13103002454
13932001321
15830091020
15232807759
15097684720
15175002119
13525252525
15833018901
18730012304
15929995649
18653676229
13373400381
15633581415
13363004567
15297567420
15032033510
13932093459
15831015360
15532046743
15733012425
17800303086
18303095900
13785055219
15833073787
15831863032
15030093502
15733033348
15930006493
13613209259
13231011402
15303202712
15531084152
13247352588
18231035156
17703200827
15175057315
13393002537
15703246056
18611678680
15175059979
13231083950
13293097395
17736189645
15232838006
13803108298
13876024411
13091135409
15933009909
15511027822
13231023458
18231046563
15032000653
13932081416
15131022374
15030000107
15297591992
13730043031
13931060506
15022704932
13001861228
13832045419
13662912514
15128045450
15081778878
15932100458
15233892092
13613106994
15176028816
13785066749
15614007830
15100345452
15131059659
13363029870
15831038899
13001469846
18131035632
15133055588
15833448846
18632018196
13231018096
13530658661
13091120387
18031031373
15097844572
13082113318
15218830001
17732000094
15831864304
13730078537
15103101512
13554929001
18831050505
13932015984
18732036864
17736152370
13603305211
13373004565
15176080576
15324016463
13373004567
13373004561
15081616332
18626057896
15131008086
18831045178
13930036126
15830082108
13313003039
18330016330
13785061071
15128902808
13803100310
15130002683
13722392593
15383109561
13784237192
13931073832
15690104665
15284306892
13231070612
13722698744
13080404446
18931608287
18633639523
15100307190
18731034596
15830061327
13730066581
15081076021
13730400800
13231078578
13001861239
13231080880
15188805859
18831072771
13082139900
18932702272
18230211009
13784008359
13731018050
13730078556
15131033015
13031469485
13903300962
15511000026
15100066212
13930081558
13131137405
13373003210
15833307808
18631054702
15541353811
13292003866
13303103332
15630317772
15245679895
13191725107
13903101006
15032888108
18831063900
13503107182
15127069011
15133035145
15033105604
18867513559
18903301920
17734325858
18231003519
15690000114
15075028052
15030068613
13191718802
13303203055
13703303742
15830771315
15932460060
17736163863
15103100182
18632000963
18810949058
15933202353
15175071543
13739609993
13930001417
15951724176
13293065779
18618160994
15230049685
17732028521
13313300933
15054526885
13982227607
15933100352
18303009003
15100042226
15100064499
15231080972
15630374346
13315030238
13472028820
13111358018
15831820695
18231566503
13785012011
15033034779
15081769871
15100437939
13489826852
15188895300
15233204627
15832023486
13733200101
15530081169
15030066891
15503104275
15030098480
15128889469
15511009292
15226917413
18321262627
13293072041
15081082626
13730412096
18131052177
18348767040
15932459052
15031081118
13626306693
18730037670
15081090231
17732029836
15176027471
15226972281
13483019711
13501644901
18303009020
15132046747
15133041845
13403305728
15833448062
15188850417
13231061660
15930020707
15100416184
15833004275
18931061665
15132007107
18630020082
13803204819
13856433433
13733304642
13200166654
13722372006
15831086588
15903200021
17331030307
15188896696
15027995549
15100088447
13373207065
13673106114
15130010343
18032897866
18931611877
15530023244
15100444244
18232048382
15031011286
13313000806
15612070615
15831817093
18732080063
13803204829
15631000519
15931005098
15111111111
13293086668
13313307521
13231070552
13733208031
15131086361
15932775540
15097686598
15350506519
13932078784
13722590624
15081755260
15200141436
15100448606
18702253550
13463025851
13582301535
13832018713
15132053010
13080400012
13223103215
15532089900
18230409895
18838115538
15830086557
13021865482
13473109883
18730011098
18903207550
13267128881
15532011233
13731028234
15080329647
18131061075
15831590141
15030066852
15081068361
18232027446
15028011369
13315010613
15630396568
15028036641
13754403226
15074897795
13739674177
15232003959
15833307819
13315077736
15081056397
15226996278
13473001708
15030052222
13111315757
13292022119
13930026717
15333300772
15632098794
15132001833
13223140157
13373200422
13473023955
15120759035
15188849475
13784240889
15830037637
13803299980
15231855432
15175099917
15033049893
15932756492
13785061802
18131033820
15200121851
15233100112
15132031654
18303366993
15100004805
18622114994
15831009582
13315030293
13231013174
15930002002
13290603998
13651838207
13028666869
13293094245
13613106037
15232891151
15630000073
15027983505
15832006030
15632022711
13730042532
15803105280
15369009589
15176086623
12434556565
13580975004
18731028789
18031071369
15231015925
15369009583
13730068265
15830001650
15831810493
15030007606
15511084495
15831813523
13315087182
13231017525
15032015678
15333306095
13080440051
13831015219
15032013010
15932455554
15032039622
18031049411
15833302980
15703202422
13363030055
13653301852
13303103397
18003105939
13249350409
15175059043
15955151294
13666666666
17736113536
15188801508
13223123626
13323007392
13603206372
15128913575
13785088060
13315087176
15831034568
13333006786
15003306725
15203209020
18931074044
15833302972
15930013591
15131019577
17633392302
15531071777
15188827270
18303072360
13011490345
15081004399
15230064448
15175095593
13730030537
13292029626
15802135984
18134140255
15200107570
15031016990
13315009661
13315025730
18235841252
13082120414
13111345579
15100012444
15226939656
15176095587
13803204810
15028029515
15832043008
13363080335
13663197040
17730590396
15832079860
15231888377
17732073089
15075096108
18131074331
15130039156
13373407765
18348097970
15630319598
18831077676
15511066634
13483415160
13785029711
13323000703
15128025045
13785082796
15030061110
13932021860
13643200525
15831828603
13047741428
15544732255
15930021188
15903208831
13483408860
15100306635
15612036703
15333201944
13473036400
15133064520
15102661055
14444444444
15231018155
13463002325
15031086836
18231011953
13731040758
13555670972
13931045850
15613041272
13392216998
15176084013
15081408096
13393100896
13363008161
13013200152
15081004345
15203201102
15140040888
15027933272
13230041657
15831081704
13571583443
13363070995
15831022546
13283189550
15032899658
15188805068
18931089109
15233832385
13930010305
15028086944
13171792179
13831096691
18632058279
15233831059
15130000932
15003103348
15102642771
15733019895
13832059288
18303229800
15630306287
18932700412
13293078182
15175447256
18630027585
15533071302
13832086880
13731026468
15832088659
13730070977
15831852629
15233896778
15833207992
13223132288
15633109616
13333108189
15013145178
13603101945
15231807605
15028045637
15932770602
15100016740
15114087130
15830733834
15227481456
15232089551
17713047816
15830009768
15081017524
15231807615
15533000467
15081759381
18903306804
15032012321
15100347305
15932766560
15632070666
15133045626
15031085054
15233101145
13931022533
15814557393
13223112692
13103205464
15031008867
15632020362
13400201121
13932061544
15032000319
15833102004
15100085318
15503075150
13223136667
15511144477
18698073411
15100019809
13472021518
18931091105
15805590396
15630323630
15188806474
15103300153
15817122088
18103306114
18931626294
13722397299
15132006640
15895608274
15931003131
13363060510
13728841415
13779683233
15226923233
17331000242
15533066286
15102644639
15176045444
15030017970
15832084282
15128092158
15690010939
15233850556
13047714681
18832024840
15028452045
18230233733
13373201277
15227939887
15200100315
15188854144
15188808249
13932090098
15133050186
18931628005
13313001591
18232020022
15226962844
18132973313
18634130306
18231091897
13230014123
13733306144
13730006378
13832067178
15631444654
15630027753
18833025178
18656901893
13230087913
13538866343
18132330856
17731022196
15216764680
13223147329
15612062491
13012108182
18131028820
13403109152
13403100792
13630805186
13383086052
18631034110
13451456756
15533080553
18031067462
17732060746
13739662889
15830110168
15033089900
18730077560
18500132168
15132062758
15081075439
15188866137
15226910797
15830402820
15188808267
15931036004
15176085505
13503309396
18830070644
15833039911
15081787414
15932783974
13930050357
15188859810
15175063061
15631033874
15100075951
18931020787
18631400416
18931030101
15630381522
15232060701
13932052624
15233105535
18134000826
13363085833
13932013060
13283167813
18515859989
15232810669
13451454116
13831078885
15100005208
15075067292
15030000277
13653201961
15931026676
15033017469
13030065001
13103202388
15633109608
13230035010
15188808282
15232006301
17339628708
15075080258
18633662002
15530080202
13293033236
13900000000
15832040698
15128887879
18731019936
13929943522
15200121299
18031067417
15133149440
15081027728
13755331854
15267762964
15176087267
17732021967
15188928067
18612981444
13283146049
15233899881
13231067359
13082111286
15188866169
15833401836
13731001770
15128031113
13191719994
13472006789
15930912275
13230093782
15081767836
13363037336
18310855270
15733022556
13082158820
15733000303
15632023481
15132037740
15132056040
13785020030
15932039393
13730044622
18132201663
15175059838
18531021558
18931020779
13483083567
18732092436
13001462267
18003207926
15175444456
15630021598
15175037575
18031093728
15303300004
13718255589
15233831402
15188833261
13931003415
13393105982
13932024561
13722371533
15658833888
15031076153
13333102023
15832047297
13831069968
15930904652
18833057582
13293031480
13080403430
13012107756
15175025583
18303092995
15231022143
15081618600
13292001871
15075060629
15100006578
13803103508
15832039670
13832064034
15033881876
18232093851
15081712672
15632010156
15100006571
13231082980
15075067252
13931083561
13503300133
13472028123
13303105959
13613202953
18531058809
15297509008
15175036220
15231852218
18731023102
13303208839
15103204336
13088880908
15284396880
15532009896
13230029190
15031077460
13730408617
15232012156
13363015111
15132072968
18631011468
13463049039
18810457196
15932773756
15830093112
13315051983
15933004583
15531056777
15530011677
15033037916
15131000692
15733409204
15127025525
15231092016
15230070013
15632031018
15232012165
15127042085
13986464250
15033021576
15028431982
15297550928
15233109989
13730009464
18516117506
15032009568
15232818534
18831041937
15831060457
15613036487
13730042046
15231068375
13290606769
15075082849
15831031930
15512771625
15081032256
15932459526
15731051802
13154875545
17732083475
15131078483
15533332373
15033012619
15232046488
15731067397
18633661555
13103004545
13930052943
15632023420
18031047819
15533065797
13722676616
13480928829
15230073987
15075044594
15030076267
18632055324
13292089885
13731765330
15544701085
13400107958
18630068536
15713202372
13082156225
15030400803
13785042225
15081036605
15032408861
13726852830
15931034322
18233066154
13400402571
15132079558
18631050227
13930061821
18832030631
13785012354
18232006671
13739642458
13831038831
15131060289
15031060549
15231866026
15532081248
15130049710
18003103695
18856408412
13463959252
15333308787
15030005156
15133034170
15100063061
15033057550
18303226282
18931059026
15533339778
15130033364
15832081231
13931023095
15031010276
18231063826
13739674034
13831000574
15033032267
13333201736
18612543404
15203200980
13931050690
13912303731
18640147302
15232012123
13730405673
13603103697
15232012124
13393006150
15930005466
15130032039
18003307292
15175013673
17555555555
18731087268
15231830055
18833054475
15176077882
15176077880
13231075713
13229423999
13722349563
18630068564
15227403031
18303216021
13315038079
15231869995
13230093815
13689589697
13287865436
15031093455
18303313923
13026857678
15831828061
15731096796
18831035337
15233805028
13080443493
18932711600
15231891005
15227417674
18833022886
13373306812
13513201554
15032007757
15932758123
17713036262
13363053426
13688865708
13231037456
15532001113
13047792985
13623102944
13930067145
15128021858
13333106353
17731056483
15932454727
13832041450
13730013492
18631017616
13831007188
13930076092
15830077931
15530084568
15595824884
15831594671
15188849557
15032032764
15130007044
15132043560
13831001874
15120551590
15703100178
18931087893
15176003591
15081000721
15533086789
13082110796
15630088636
13082075069
15832045577
15930006765
15733423591
13555555555
13315061286
13703105561
15231869965
18230205669
13932021586
13730066842
13223101166
13831037556
13051683905
15176026248
15032633482
18631039002
13231012152
18942609486
18931069258
15100307207
15226990870
15900356598
13111385930
18350065550
15175915063
18931601716
17731038608
13043109801
15212317693
13313207871
15713009799
13283123490
18931636569
15830743154
15690009073
15100047833
13231012143
18825079235
15102679293
15100300600
15831028360
15032007780
13001863387
15833075536
15284398568
15631080267
15831136996
13283425824
18992839431
13831049556
13730045921
13184700651
13832065451
13080446568
13932013993
13513303454
15632014561
13400109732
13903103375
13930077381
13473036904
15033036646
15833443774
13303084546
15003101208
15131028987
13613201696
15530076999
15081020302
13111368592
15231844661
13400309245
18931003436
13520076033
13503102680
15803300647
15132030251
18231043250
18849047520
15176020929
13730033041
15188915580
13730409190
13931056846
15097675798
18303051513
15833027073
15130008332
18931091958
15133062250
18696190951
15032029955
15081061633
15633109579
13400205558
13930040051
15933205006
15100099095
15933882369
15531003377
15830076658
13223109092
13536262003
15032016633
13930012808
15932457844
15530048878
18932711670
15832058831
13191721498
15633109580
15970675432
13931097380
13722598679
15232832055
13011499042
18731020949
18303386011
18603300335
15226962754
13131059557
15230099690
18603302995
15858585858
15102639220
15200105252
15133086215
13653306178
15544721454
13403306511
15832083805
15231837524
15713207282
18231035611
15188807772
15933862772
15831015922
15261153201
13932008519
15030082187
18508934080
15232102222
18731044905
13123456789
18603109946
13011499033
15733075875
15027979158
15102666816
13930091612
18603109947
18630012167
15188902250
15533086720
15966573444
13866558888
15232036940
15100025641
15830057311
18631008747
15303205537
13730028587
15081058005
13932050021
15530090393
13333207887
13373000208
13473024950
15832009885
13503308890
15830770721
15131034825
13832097855
18942607723
13383083017
18812106776
17731035568
18003301121
18631017691
15833077345
15162666955
13313302371
18931620880
13131015989
15373107730
15648699875
13292060120
18630038793
18630005256
13180503475
15533330556
13091130403
13730058360
13231003231
15831055111
13200099000
13653303934
15373773911
13831008424
13001869506
15032889998
15324007177
15383836582
18931022584
15097661104
18732099811
15831840600
15333301311
18303004320
15533318869
15033031811
15097670052
13283414308
15188915513
18931037602
15831865073
15102666868
18031093696
18903202597
15879068946
15026588956
15833031120
13832083274
15221389398
15231018036
17734303737
15532058017
13932010854
15630005456
15932047881
15252525252
18131087995
18730086544
15631061130
18132332633
15128889519
15324004917
15027939949
13931889005
15831066678
15833440653
13722599998
17713030903
15176090815
15081625846
18749441271
15544792622
18622042514
18903107272
13383101300
15690009904
15830033307
13903204820
18633667785
18003101016
13785011085
13932054422
15128083231
15130029202
18731960699
18803003682
13082117322
13730007603
15200122631
15020148960
13931035918
15230057831
13315010577
15175006480
13230098611
15175011836
15832053122
15013145128
15028051500
15830080737
15013145129
15633109568
13722687294
15532005511
15613072098
15633109569
15100057237
15132062699
15031015100
13405876988
13722584012
13570883170
13082150123
13582608748
13373002810
13082138254
15803203433
15075086502
15097842121
13730089474
15832032979
13483025709
15133000609
13739623133
15128886617
18231023803
15630035467
15188847923
15232877009
15176089162
13971031033
13292022828
15133046846
15081026361
15830779962
15774081597
15533014984
13722381603
15100016622
13785087007
15130007771
18649169133
15083649906
18630049498
13111341472
13463106248
13400407451
13763911631
15733070900
13733302710
18032928090
13091120102
13400100304
15233805856
13832031077
13303200107
18232023228
15028069716
18631069517
15233829800
15097650300
15933375919
15033022901
13463100948
15175420327
13111331219
15100038881
15028006124
15033079804
13231039181
15100016653
15932779795
13483409586
13832082623
13931017064
15833206565
15200102838
13930075577
15613008490
13722391863
15831097860
13526112034
15232005120
13261238147
18931030265
13730000978
15932771837
15103304648
13315048200
15503017143
15188868843
13323207521
13223143065
18617558243
13831029116
13315080367
15933005774
15930919604
13785226306
15232026055
15075096758
15832056953
15733078859
15233813443
13831051023
18132101314
15120705012
13013200882
13733308031
15733045958
13393005884
15373792286
13731006710
18803302600
13539962598
15773881525
17703305091
15081096263
18131036337
15230008156
15027956612
13730061940
15188921587
15612095220
18830871691
15032024466
15032000499
15831009268
13722480556
13847471515
15830009852
15931031931
13383088587
18631008567
15831023574
13803209831
15188871602
15188901971
15631490433
15231837335
15832020953
13416208853
15830087180
18733176756
15231804418
15530043146
13416208852
13231065414
15631497064
15175016578
13784011385
15130039301
15369013007
13920802511
15188846629
17734011915
15801380645
15131021695
15832090803
13785015370
15128093300
13722581002
13456789668
18630027284
13103206601
13303205837
15102690625
13785020755
15033851075
18001179551
13265936563
13333200377
15614910883
17703106920
13184719959
15031007452
17703106921
15176007295
15203203009
15028491373
15132084885
15133001958
15033104498
15511053053
13288799933
13473012165
13930042610
13931010474
15530059500
15032032060
15032004835
15100030969
17734318851
13932039781
13293079300
15503035896
15831817311
15931002599
15533055465
13784218290
15130016668
15133001941
15226908331
15133001943
15931013254
15128005622
15188832009
15632081212
13230071678
13231054789
15175021912
15127870668
13903200508
18991614404
15130002037
13693542361
13785027367
15132003458
15027970937
15531062583
18131037625
15226931582
13293082936
15658833787
15713109751
15614016585
13831011194
15132014991
15075002865
15297520112
15081037880
15188909899
13513102058
13785047860
18630090551
15612779389
15231036633
13303203225
15030081798
15533079412
15133009017
15231057575
13653304318
13739644001
15544781063
18849012738
17730590500
13011548432
15612027968
13303208905
13739646669
15132013678
15531098533
15830078283
13803204113
15081089994
13293044655
13930059472
15544703564
18903105323
13681149760
15933889662
13463009985
15830071658
15930016069
15833306777
13931001591
13931059778
13313308589
13131078845
17631031952
18511999391
13803209812
15830005464
15187218183
15131089200
13001865802
13111223344
18630043344
13770838432
13082106808
15097652900
13315086505
15733008164
15188910880
15612017703
13103306649
13713638492
15081613030
15030002935
13315005988
13230093889
15100073232
15933860802
15102660822
13323109966
18758132425
15544748456
15830071671
15544702252
15188806500
13730000105
15226988462
13931080358
18831082343
18730051725
15731045056
13524587458
15530032486
15081637010
13831093773
15100460462
13082109056
15614012187
18131000304
13503106973
15033063487
15033067845
15831094770
13080442944
13180523772
13091137825
15713009703
15230075837
15188811149
15102699030
15100063015
13333200326
18833050885
15133086098
15032008383
18231055280
13931094991
13932039736
15621302151
15233100828
18931619197
15032881234
13111336010
13363083150
18322782281
15028450120
15512725657
15716818577
13784245830
13403206256
15132059847
18031067519
15176023344
15103308120
13831078119
15930009737
18731099295
15612004444
18330098831
13930025235
15830039646
15027961144
13975212115
18730080237
18631566385
13180526823
15102612356
13400305606
15033098111
15031032460
18231057005
15030047847
15544739548
15324213399
15231866715
15833446885
13363031976
18103101765
13463100120
13831088397
13265139381
13293005070
15231089199
18931625728
13463008674
15122912549
13047734112
18731016942
13265139388
13722380389
13292053119
15512777745
15120769011
15612069891
15081616113
15733440858
13283161848
18031073385
18931625731
13292024567
13730049342
15830004996
15833036066
15324004144
15030055542
13931061243
15027926798
13930095959
15533306979
13784233097
18900878106
13784228508
15128888359
15994272454
15176096266
13383208873
15033032372
13343000224
15911015379
18031090702
13315052234
15830772404
13703200741
13463043021
18303059505
13131089498
15830023265
13831070221
15530085793
15231876177
18131023861
13451426001
13068890588
15081618778
15544797362
13313006399
13931039302
13231046261
13483059162
18633656309
18330139786
13313102987
13303205020
13582601401
15033069686
15833008818
15544752492
15102625553
13739608436
13283131171
15833449159
15350528112
15100032668
18302020987
15532085747
15131037120
18617592990
13472003768
15284388435
18826522756
15833806681
15830404643
15030087117
13323008406
15175425215
17736135155
13633106881
15703202274
13932000761
15930908036
18260023321
13383082444
15820428361
17310799001
15028051665
15033100120
13613205971
15930007989
15131099406
13184716081
17732036358
13832087535
15131060371
18903101029
15303304433
13258856984
13303207672
15100056628
15081402998
13785083478
15830748741
13363007454
15369009776
15081020212
13400204141
18730039200
15932108571
18531031047
15028014643
13472152007
15830755032
15132093666
13292097500
18903100586
15531066119
15120000000
15131046054
13463403628
15060768232
15081628149
15188862685
15833062321
15810971669
15612070854
15032870628
18231029099
17717765674
18230208811
13472018847
13091124469
15226903465
15232014865
15932109890
18230203123
18531011431
13292069437
18658135652
15533323491
13930027823
13333006996
13001123082
15203300153
15128880426
18131052360
18931062732
15188882278
18303070770
15231865473
13473511633
15631025569
15176001070
15530010158
15188898617
13290577889
18231057071
15832071713
13570809364
13265656565
15131061670
13832041362
15733004552
13483417965
13703104131
15033002530
15226952494
15132051057
13020839793
15203105552
15131006856
18931050738
13223146937
18303333439
15176086046
15932201212
15131062998
15232853925
15027929849
13930056345
15130023879
15833200411
15028128565
15532056338
13603105537
15033102744
13283101343
15131052710
15832000596
13483029316
15533041715
15133009937
18131053676
15227985733
15832091303
15832053036
13031999482
15027992222
15176007231
15731006337
15930006602
18632027375
13730415757
15297501031
15831099627
13930042592
13730079155
18132335833
17732066991
18803006611
18330034755
15133055828
15128923177
15127059035
13731029311
13076754111
18931090739
15613032970
18931001790
15033039858
15081008533
15003102678
18812105306
13483090899
18832076109
18303388558
15303307563
13785088291
15656652565
13722585489
18931025788
13730000925
18732045091
13343203696
13785007740
15131055873
13785081670
13373000321
15246410474
13555469011
13161367777
15613183838
13283157760
15175044667
15833039155
18232020208
15081095755
15531740639
13315005070
15176077921
13703301390
13012105901
15176072233
15932037759
13333333333
15102630993
15933003992
18931011137
15631016661
15987617550
15128899898
15731068608
15176066416
18603301567
13788524562
18931025761
13031471199
18931025760
15532003017
15731028589
15531078169
15188903684
15128873281
15081793326
15100083426
15081010834
15231051360
18903300880
18631047365
15732114545
13180502027
13283131150
15030061342
15830045428
13343007731
15369011211
15933869229
13315081608
17713005889
13315032671
13932008656
13451442080
15100063824
15081081160
18932700201
13283118181
15028047575
17703106181
13013205629
18903303900
15530064806
18034004311
15081612626
13400402656
13091114264
13131062407
13831084027
15097696586
15530004348
15533063953
13230053840
15131050151
15075015355
15128042628
13832087507
13165518232
18732065520
15369037838
13722671867
13131014799
15533328338
13832021715
13363092971
18803007919
15032879831
13903202315
15831000982
13739630326
18621068801
15544885518
13393005787
15033898567
18230103875
15933107622
13302104036
15022636985
15831824457
13931051056
13333207726
15030023090
18732042893
13463095952
15227988824
13603301414
18931626247
15130005127
15133018877
15533083533
15030015461
15176029442
13434857548
17703306497
18903300853
15932778424
15097662332
15833086352
15013145233
13031465335
15233881505
18132208907
13930067879
13231927617
17731046995
18330032106
15033004311
15303300959
13731018616
15533099097
15833024927
15832019128
18631059379
13303108877
13293085952
15133086997
15033097707
18634132899
15176085593
15544781843
13323208760
13731005303
13266334309
13930021660
15630083016
13473100091
15030083693
13293060628
13363035328
18931009323
15832011911
15530034508
15933889959
18531017228
18331869235
13231055523
13393105367
15027978564
18703211078
15081081081
13932063988
15188899245
15188867657
15232756825
13681246153
15133078792
18131084333
15033099513
13756995699
18231006117
15833033103
15030427647
18134210025
15102656860
13403101440
15728678637
13603209014
15027945620
18230208583
13832009492
17731634572
15932042393
18513216336
15373797631
15128025510
18931056544
15713000383
15830779830
15231851573
15803102614
15032400241
13293079229
18601453581
13730008330
13627417018
15530055465
15932203265
15262493531
15130004114
18943912999
15176067046
13463055932
15369023383
13030063037
15633106311
15633106312
18791285302
15231016961
15931005549
15031098589
13931095705
13731030906
15131001777
15233896992
15533023358
15930904011
15227978825
15081750761
15733021891
17733012286
15032035653
15713301500
18831066623
15989777720
13180521050
15019632298
13292029107
13832001515
18303050475
13080440674
13832094979
15532006123
15830098178
15333109871
18931613151
15350500111
18631160413
13111317210
15188896186
15133044553
18759183394
15531096688
17050567829
13400305119
15830403934
15924267977
15130005422
15028493650
13363068299
13643201465
15030033395
15830779808
13383087135
15830058900
15631056733
15175012091
15383301795
15733455353
15175015125
15369071002
13463005697
18303070083
15100096635
13131096788
18630078513
15130005433
15713002128
15511029293
15232014189
13293023659
15383301785
13784001223
15081090851
13931032155
15132070139
15030069354
13722348943
13463400905
18831051558
15369005506
13730056000
13635352200
15030025770
13722675596
13831096061
13930028220
13051731822
18632177949
13343304343
13363018809
15230055003
13930046094
18631037875
15630071698
15175097041
13047798915
15230002515
15531033015
13313209383
18911307707
13722480406
15932755622
15132058479
15000700817
15231011230
13111377744
15233106622
15226935017
15833411044
18233154562
13373006699
15833000220
18931041489
15832087995
13131073221
18631037883
18830870272
13758522256
18833052522
13138588331
15231025058
18231003026
15632047695
18932701226
13930043830
15033854004
18626876963
15733002700
15120730513
13977857858
15033007420
15102668862
15132002009
15933107206
15075080014
15933308168
15031011822
18732056998
15176071114
13293010373
13831054246
13400300268
18303035707
13383200875
13623201702
15132066081
18632045246
15227445521
15075031071
15130035271
15030404141
13463000806
14730018613
13463040022
13292066116
15175414828
15100343110
15176005618
13803109063
15081700448
18588597542
15032031223
15133026723
15831038335
18632177939
15081605987
15028048076
18802086445
13832013587
13503100281
13513103254
15831027686
15232014145
15383702368
15731045361
15028099662
12345678932
13463007444
15932100768
18303388080
15132024220
13784009113
15530000313
15132029912
18303056627
15028031284
13730011109
13739663099
18632046556
15033070706
15100054852
13383209227
15130023263
15320056639
15032878119
13343102060
13052698523
18631023222
18903305789
13932012343
15831013079
15127033323
15369058055
15231885770
13663104043
18630066552
15531098430
13785057519
15533007275
13313106039
15544773341
13733207009
15333302076
15232014126
18630011376
13730409776
18931020511
13335213621
12345678912
13653303366
12345678910
18230402886
15632052157
15226930176
13831078256
15833002012
13832002899
13128613111
15713205632
15100428600
13451438267
15531099798
13733309016
13231016800
15731007907
13361928982
15188806611
18303008125
15231098801
13103108466
15932759155
15175058302
13383106782
15511049721
15027949194
15832082248
13011490842
18031090861
15803209500
13903101330
13213213213
13730088455
15075001203
18931602406
15383301701
15030079549
15100007686
17736152015
15075045666
15284396639
15175444685
18603207707
15932773525
15122222222
15703101203
18931615709
17703303663
13650751627
15511056044
15127034689
15030000441
18803301207
18531011986
15613025593
13111361313
13111361311
13930025113
15176035441
13292075000
17731006788
18232089151
13292030131
13785028170
15633103233
13313100775
15833442161
13283105302
13533669977
15033000877
15081626010
15127046668
13730060914
13722384622
18303390340
15130032288
13603209949
15030004071
15833304415
15132056677
15081755569
15001092770
13730048371
13831019085
15175416605
13916860658
15324304555
15613096693
15832072990
15175014750
17732015567
18632059811
15230060370
15227455732
13103107214
13689518273
15630328788
13103209111
15028084668
15833097110
18403000297
13733305421
15030034711
15188850792
15522302687
15733073859
13623100987
15132011770
15533311191
15075011516
15210866271
15530057192
13797887066
13131023772
17736139889
15933109015
13930011307
18132324440
13811584705
15075091630
15831086009
13223139493
15081710757
15233867551
13932056881
15233867552
15030016082
15100041490
13831048423
13001866619
15032884070
13731006398
13283111211
18732037772
18732015528
18331859086
15230029500
15830061641
15075079986
15030019110
15232012345
15231041043
15232012343
15297523597
15733430965
18303061998
18232017577
15188896981
15030075252
13785037880
13303009028
18231043054
15831009898
13230020247
13831024467
18849009481
15303102741
15232000332
15932789812
13932000410
17713024447
15530099861
15830467087
15188918856
18232050115
15832059972
13731039267
17703306754
15530091900
18732074750
15175026707
15030411302
18131001917
15188835193
13930022022
15027946084
15097650298
13343004504
15803205090
15033002646
15812145741
15175414850
13632434243
13784008772
15932040607
15830009041
15027905553
15284205654
15733085885
13191714145
15203302217
15075006123
15232070396
13111359877
13230062061
18932700710
17732099985
13223123935
17703306760
18303204225
15232041855
15128063031
15030076561
15324213330
15226915320
15075080952
15188800583
15033894004
15103309622
13503105932
13722685737
15531081620
15175080170
13400104274
15230004251
13313206313
15128056727
13831035147
18802478178
15560166008
15030017364
15833206089
18630079015
15531053409
13785032155
18931613915
13831011886
13207675099
13918165278
15632021087
15230098988
15511039544
17713064506
13832038089
13180037997
13223427359
18031093071
13451441960
15533073687
15733003113
13403306737
13630805434
15831597072
15133048186
13333007775
15232053860
15130007245
13091138163
15231089848
13483062050
15081635822
13552623652
15903309969
18132230776
15102602178
15031002027
13283155682
13293017711
18632011917
15100059649
13230062016
13619638297
15081719998
18612140889
15176046969
15033015990
15231851601
15203303592
15630048376
15133065525
13483043777
15933304545
13315010315
15200154425
15932446930
15003102315
13785037029
18631098812
15130045508
13001866660
13653207525
13985121212
15616556516
15531060740
13722340107
18131067723
13784249713
15075043960
15128063872
18034108103
13290570092
13230018792
15030030300
17731034004
15128902560
13131017931
15097680921
13739641739
15831590464
13739635066
18603108853
13131033173
13222346541
15232877186
18832053134
13400400576
13784016321
13653105400
15103307879
15031062579
15175031220
15200101910
15097674238
13730057270
15830025989
15532093411
18802081575
13832005159
15231029330
18903203665
15511038256
13131033168
15133039256
15081621205
13930086046
18105477889
15533330313
18333998555
13315031225
15133048147
18931036982
15831071802
15232010538
15131044839
13739640475
13230014374
13808822187
13363092837
15833209977
13229423777
18375781928
13785015660
15131095597
15132095566
15303206609
15100008088
15100069005
15231855168
13231027496
18758119846
18603105752
18132245162
15731064548
13315031231
13730028793
17731035305
18303096612
15511022706
15530057150
18630017649
15503029050
13932018578
15100013435
18131031710
13363056325
15028000180
15176010989
15831597055
18303316393
13111346511
15176008663
13931021520
13931046824
15830000650
13463185117
13363068315
15930900410
15128014042
15132016596
15132019626
15733478058
15831839822
13931064699
18832043777
13730415613
18630058191
13473002511
15081748481
15630095592
13223121379
13730007851
15226926025
13930079727
15227440640
13643206397
13954854744
15075092072
15033012054
15100060644
18653151886
15383801271
15830012630
18230222990
15100085890
15612078928
13923021121
15612087882
13363024550
15830400987
15503088123
18676883545
13231090654
18630025292
13633203202
15133032432
18031036630
15028031348
13290575808
17732081994
18630086213
13315009297
13363032175
13021469199
18633663637
18390587503
13602795617
15830000843
15530044683
15100026668
18732077770
13313108516
18931011756
13730088379
13780365961
15833407087
13373000618
15033037396
15231809914
18703308627
15032025503
18303343928
15188886046
13091130145
15033036060
15832006432
15030061555
15133098276
15203305248
15544714853
13754404922
13932069394
15831035379
18732084055
13631009211
13463001390
15931027694
13303006660
13931078251
13167032041
15130006655
17713046613
18031093203
15003309397
15830052023
15633109515
15633109516
13187590005
15100097890
15128881188
15830780982
13785030319
13931093885
13739659791
18833006518
15032687338
13932018602
15232857650
15232171723
15028005036
17734129052
15231039520
13930002393
18931008122
13012116749
13187364982
13785009752
15232044783
15130005334
13784256741
18131027678
15075008800
15102622730
15612063882
15631072040
15833103468
15102663252
15097658045
18303343947
15845145621
13031988536
15032687328
15830776662
13400303223
13831089842
18331870138
13932053869
15532063693
18830882103
13313307071
15930917234
15081788602
15511055450
13323009471
13283197556
15130020932
15032092313
15176018169
18131048555
15830003060
13671849821
13483099373
13363073521
18630050291
15175030640
18603103183
15231839753
15830070511
13280917358
18732054224
15081028722
13930028110
18231030760
18631001701
13483003727
15132084658
15028011704
13171770347
15630068172
15100401476
17332004336
15532090444
18631070308
18630067983
18603201680
15176080162
13201256142
15803109165
15133003908
13784234553
13535355093
18031034001
18630087579
13315073825
15132012140
15733406216
15131001827
15532077474
15188906178
15614030613
15188906179
15175017676
15690007233
15226938864
15231859375
15831595385
13293057765
15176019487
15227917971
15131094417
15832006462
15028007650
15511022551
13903109345
15531099618
15544714893
15830092795
13730030101
15100062315
15833402221
15830062267
15075034284
15900730135
15027923506
13752769437
15324002221
13205320352
15932783608
15531033134
15176072558
18565005980
18888888887
15188809001
13832069012
15930899749
15303106214
13416358989
13363109197
15231001783
13012111014
15175077345
15075092113
18330065779
13290505968
13613205257
15027918171
13111310500
17316171619
15027966680
13832033073
15075000053
15100083226
15831023344
18633662363
15131056996
13978522122
18831013123
18231024050
17731071695
13473031943
15503019503
15933007762
13718383321
15176013358
15233224605
13673206689
13184717559
15831084369
15632099592
15903207136
13131006570
15103203321
15613058577
15930802736
17736108601
13303203466
18732029291
17331008025
13167068882
15100015131
15688636659
13416181899
15133072508
15231020066
13363101210
13613104767
13031985403
15530086485
13303304956
13999426037
15030024521
13292019011
18631056846
15033888170
15230036896
18131036557
13155699632
13363060225
13832077479
18631011123
15231066273
13831004646
18833016711
15131003671
15188912815
15081088456
13803102536
15833096867
18132315563
13633105846
15232014231
15633100290
15232014230
15930903442
15333305215
13505358598
15027965300
15952049658
15031029093
18132986328
13230001983
13400302773
13082147834
13301382858
18636555981
13131018577
15833037642
15033102021
18603306562
15175001277
13231037614
14730041983
15081614117
15030083709
15831073681
13171860383
15132012123
15233802169
13811583459
13931060103
15103102426
15027988895
13315062323
15333302190
15027962283
13111305109
18503259536
13931183076
18632000418
15030022779
15232838486
18732070309
15031043327
15128002724
15531098343
13483596611
18831081257
13784006187
13831091352
15333200188
15028491194
18603309623
15612080377
15690000672
15132073937
15530014822
13231014984
15030025800
18931036185
15830030613
15030080660
13120839990
15100000935
13473027011
17703207036
13315007500
15511058558
18730014551
15232876763
13730021245
15175067136
15031068611
13451468800
15832003368
15831038444
15188886912
15613016753
13831077023
15511002222
15031091867
15175082781
15081099119
13373002385
18942609798
13231030172
15130019096
15130002205
15131065076
18903103352
15862611177
13784000864
13333000123
15614093333
18812007677
13582300619
15081605203
15831818003
15832062519
15303105769
15131011255
15132061919
15630087292
15031064279
15081713830
13293027073
15831085625
15703102664
15081707170
15127056106
15831047389
15176023593
13111319702
15932448770
13131067507
15100484644
13930047239
18232040801
15614006958
13047750824
15231047108
15556443235
15533009779
15130024443
15103103719
15269761659
15075069752
15232808637
13722680129
15833305620
13283132288
13001867801
15832091149
15690028926
13232730767
15127015620
15630099209
15231029265
15128879637
15230092099
15175402791
13363016127
13816996966
15533306736
15127023252
15733026520
13754488660
15933006392
13903207873
15333306482
15511069269
15231055544
15933305119
15932046072
15030092716
15830005615
15188835252
15032007650
15175417801
15230058181
13231060799
18531682930
13290485541
15933205778
15511038998
13930091371
15333309525
15032039227
15517535325
17732082393
13403209577
17713035036
15630087237
13400106767
15630326258
15533064655
18703312793
15630090890
13673105209
13473105080
13171775260
15050222855
15531077465
15075052151
15369028279
13313107195
13930601905
13303000567
13903202163
15081777003
18131028086
18303000213
13283186913
18676907056
15230040895
15028053600
15533063332
15731002128
15831030597
15630080623
15530000162
15030041140
15203205050
15383708608
13567899087
13803297760
13254564845
13582300675
15503107723
15533037017
13293029622
13831008149
15133097837
15231806041
15830061750
13463034333
13784253749
15103305391
13333201808
13082107027
15075408157
18630040939
15030000620
13700300699
18003105550
13930080658
15100006186
15531027268
15033871230
13855451212
13731030100
15532009360
15613087887
18603300416
18631028845
13303105544
18231001301
15630393039
15630339598
15613087880
15128057960
15831010944
15200118632
17022315546
13931020984
13785050701
13831095785
18680480988
15231879882
13363088680
15132019577
18230201190
13483004255
15100454049
15133052909
13932071712
18616626123
15188860277
18303004626
15630373457
18232050213
17713052418
17736186995
15302249814
15888888888
15350516336
13832053584
13730066970
15081005277
15097848523
13292001660
15030050033
15233226449
15230096436
13703309471
13654487891
15027914593
18903209730
13191715315
15933103870
13703102195
15100478007
15601185949
15832054182
18132311202
13293097778
18631090833
13932067687
13373104242
15220000960
15031026756
15027993355
13930065045
18630080122
13665899849
13703106564
18031060294
15175051533
15200104022
13283165198
15028058424
15033000144
18931090503
18931607345
15075007520
13315000886
15932773394
13603208578
15232803852
15227425113
13080444888
15833023834
13241714987
15933104306
13932063229
13180530715
15031025499
15032033093
15033852995
13373509221
13731041679
18131006690
15232064406
13036854183
13315088047
18831032323
17736103712
18732020816
15833099010
15081729441
15284380301
18818780818
13831086868
13831053944
13931017373
18818780815
13138710338
15511097324
18931099798
13303201715
13932018658
15975304513
13731039351
15033100308
13800138001
13784224316
13932076564
15233899095
13400400668
18931059774
15612023836
18131032994
15030060272
15130004074
18303318891
15030031751
15131042313
15511072016
13703302006
15830068328
13473108991
15215487965
15830737821
13730066093
15833447120
15630495816
15733037272
15030415801
15027993307
15128087753
15133027145
15100014633
18103306629
13803202626
18803006878
13363000646
15232827844
13582600714
13463063724
13373267981
15613066988
15188889939
13603107072
15733005692
13230034925
13315006158
15133008817
18603103278
15733031960
15188852673
15081710802
13785069323
18830870115
15032400304
15176052019
18531005426
15081402354
15028897135
13293059486
15833014917
18931088228
13313209528
13722399560
13703300288
15831827746
15932759962
18603105885
15234155235
18731050293
15203205962
15028091056
18630038687
18931082917
15227493252
18132318696
18732073384
18812000108
15832043436
15100038626
13230034094
15932450296
18803003787
13703103420
15030027662
15030426517
15133050335
15132008844
15830069622
15930805894
18031018734
15075037369
15903101616
13426199086
15231009682
15188903860
15128879600
15354301825
15733037283
18131053889
13342226568
13373001862
15930406130
13363003700
13785082307
15803309511
15097650118
18103303554
18942602366
15613022518
15930807600
13180537367
15133000901
18303310968
15230065328
15230099549
17713062615
15128913135
15533003662
13080442241
15830065250
13303200455
13932031662
13091127317
13240968688
15232075107
18932711533
15230052022
15175008781
13784245254
18830010550
15226942868
15130016022
13730019712
13393002050
15203200249
15350528389
15227409908
15132036072
15832042110
15100308834
13283167773
15744668745
15231889260
18244609118
15324013760
13613100301
13663103320
17731006513
13315058100
18641913548
13931090242
13785087595
18303317987
15833032024
13931000763
13930076521
13463054823
15081636882
13730041172
18131029728
18830870043
15932780405
13283436145
13031989715
15231098606
18303363883
18631013600
13932036131
13129524015
15354200631
15232824831
15232877360
13400100895
13784246856
18931629781
17732065150
13131053859
18632015687
15128908835
15230028073
15081766903
15533073816
18316983852
13603201779
13722677521
15533323855
18731073871
13260129023
13363050736
17736131337
17052806609
18303077754
15030072321
18316983859
18603302475
15656895689
15065511762
18134216806
13131027544
15931006669
17731041773
13613105337
15000130700
15028005156
18733333333
18232001324
15131054024
15232806151
15030013127
13231088671
15133017185
13785007460
17736168600
18833050552
13730402978
18663436996
15031005359
15833091213
18103305253
15632026950
15733455579
18132981395
15097685536
13930086792
15373762767
13361099913
18730033527
13290579075
13703204545
15122891636
15233228021
13483018080
13784005839
13082136166
15932768728
13231067760
15713309697
15833013738
15233837119
13230052851
15531002576
15227956807
15188921011
13930014267
13400409530
18630052566
18103306596
13831050055
13313005524
18732079817
13373105819
13569831927
13231034868
15630079362
15175088795
13430024640
18132205603
15003301303
18603105056
13191727182
13393108675
15175006891
18231001098
13730058896
15232058832
15175029535
15932205223
15175009923
15081730904
15297575797
15231827651
15931019923
15713003205
13050677392
15002455541
13230061760
15231012345
13809808258
15200122100
13930084119
15233881255
13985245625
15188809106
18630051257
13293098196
15127054463
15932791103
13343308953
13761958719
13363016856
15130004348
15630337853
15533023521
18931081318
13730044266
13530739863
13930081093
13283102096
15175057613
15008059282
13832071693
15930803525
15030420800
18631096806
15081404330
15032896663
15100429310
15233868292
15833059963
15933896465
13430650284
18031065290
13931070609
18031023459
15030061607
15102666455
15833205790
13832074715
15230092635
13363056040
13730007205
15690103613
15933001013
15132004420
15100097749
15100073797
13603303789
15175083905
18731096511
15530071747
15231826333
15031096112
15175083901
13523352336
18034105301
15832054855
13111277774
15369000072
15131018398
15071340365
13315094605
13931069631
15511003263
15231098610
17734108063
15233825102
15833081870
17717762379
15233808602
13082100156
15131058485
13373403520
15533101543
15531986666
13522797563
15830028445
15930027783
18830099962
13816788008
15511093653
18511786282
13111313047
15226945864
13730002410
18331896695
15175039772
13930028846
13730075351
15031065036
13001465794
15903201947
13463006344
15532011775
13230069691
18208977279
15830042763
18208977278
15630018392
15128084904
15532068654
15188895958
13180531015
18931602689
13313109326
15333201580
13703101609
15231810867
13932038725
18931095993
15232140021
15131091862
13903200851
15831002165
17713076781
15132061862
18732083928
15231058530
13804353322
15131090533
15231131368
15231131369
15503016332
15544717847
13323203688
15833086708
15930011730
15100470325
13703308344
17732038386
15731049950
15903305702
18232026660
13931093371
17713066506
13333105533
15027976563
18303093855
15231875350
13293086154
13739608033
13826263131
13333001773
13789668383
15081033142
15188919575
15127034895
13785035501
15131000270
18603101535
13603308632
13393109099
15081075016
13931047423
13055287452
15031080669
15102600681
15176026783
15832051786
15133009582
18303302870
13722347431
18034009458
15831073325
15233809972
15131059773
13103006716
13930094307
13148935563
15031024526
15232899510
13361862099
18632058802
13930068023
13373509948
18230237760
13373100955
15131081619
13730024640
15127003729
18103205867
15188805520
18632058807
13303206651
13373001189
15930807038
15127035320
15833002267
13363089816
18330085865
15383307678
13730065117
15932782238
15175430286
13171536792
18330079181
13731035512
15131089594
15128072937
13931067034
13313009900
18903103227
13383201992
18031067862
18348778514
13722694040
15713308330
15130014511
18732036770
18672816242
15503018957
15511014890
13373001170
13400405140
18703307046
15899999999
13952323335
17732009811
13733307097
15932796897
13930019913
17733059136
15028075025
13012118855
13067970198
18903300296
15133060810
13231009000
18103203222
13373001165
13373001166
13373001167
15303264234
15733609731
15089854260
15533308280
13373001163
13373001164
13283107711
15830063621
15100000835
15027997434
15894268896
13462105821
18730010058
13877979982
15832069012
13103205811
15930005006
15031066335
13803294212
15932775967
13373001169
13930027521
13673101035
15176090498
15533092900
15003203667
15631020176
15631020175
15833108686
15081002947
18830076447
13230088001
15030092843
18131044432
13483063545
15033035760
15081010561
15030408335
15133011052
13031455635
15081088271
13400108810
13292068494
15081777585
15903304440
15900667008
18232054745
13930012424
13363090867
13315080828
13303306059
18831079380
15081714902
15533086336
18231073617
15503085779
15175098929
13463023755
15100478357
15100006030
15200129602
13890900909
18577775555
15613006989
15832008167
15188900903
15188860327
15933307447
15622228500
15833053789
15232860596
15994970380
13832002274
13171775140
13473031644
15200116321
13662404608
13111341940
15544757826
13932035701
15127023353
18638105560
18903103315
18831034487
13932030013
15028015408
13730013017
13180527032
13932030018
13131083609
15824836265
18730052703
18631016766
13283196833
15131029874
13832007977
18403305608
18630010200
15343109012
13831074917
13730003695
15833077738
15100168259
17734300208
18831066064
18003200902
13234565456
15028096893
15097686050
15645621231
13303204077
13313203020
15031056001
13383301810
15231893209
15324317673
13001869901
13333018622
15284395035
15231807246
15612036658
15832026814
15081060740
18977777777
15230031616
15103205267
18632813661
18031033603
12480804444
13722587593
15933888026
15203207180
13290600967
15530052545
13971649629
13231090063
15191111119
13315006012
15167760950
13082150501
15030099429
15716812637
15630052284
18931060441
15931000526
18031093293
13230006173
15233841115
13931080077
15081031455
13373001103
18931055099
18132311312
15531010967
13315031869
15003203606
15932100949
15511091091
15803308110
18231046062
18931055081
15131026790
15102601061
15031416634
15832012222
15233801947
15146600301
15383708758
15830098421
15100032344
13831068273
13831068276
15830067153
15100479695
18668980560
13403305658
18632021506
15100069616
18931040831
13785088831
15175444022
15131024143
13463067314
15831811685
15230056907
13333208787
15612036640
13171785376
13091135699
15133058590
15133062601
18616011718
18931055062
15690014004
15831019029
15530046695
13283414753
15613039017
13931030691
15733038467
15030096368
14730002826
13831076712
15612067759
15230028009
15102601089
15630964725
13393006560
13191733000
15830061828
15227957381
18932713848
15631038303
15832068659
13131082337
15133027487
13730056157
18731086322
15324102082
15100080001
15831858322
18000306868
18931055052
13432253644
15614029430
15831080554
13292004449
13931039022
13784213994
15127030513
15132066632
13180505638
15932108800
13081197647
15132053330
15128027533
15176097867
15132033733
13231037044
18630053940
15830022247
15188876756
15131087703
18931009187
15533072561
13703102039
15233605892
13931065343
18132230511
15032882056
13700301444
15231802454
15232554484
13700301446
15227917108
15030095010
13483028398
15630367776
13932090502
18303023023
15027956046
18503100585
15127001191
15350522523
13363054358
13722485857
15232809253
18303397127
15682432158
18655555792
15100093344
18309267775
15544779203
15231848663
13373104566
13131037763
17732032275
13930038176
18617553634
17732053112
15097687300
15832042033
15232007152
15132075568
18520506658
15503012880
18633661192
13313001207
13292017778
13223121100
18931362811
15100091575
15175411191
15175088743
13730412321
15100431699
18849061414
15103105302
15831090729
13343107588
15831008339
15103208370
15533040937
15028036394
15733627615
15511088300
15932695375
13122051567
18732083058
15100401872
18531003306
13387656584
15231089658
15830089537
18331885911
18603201727
15081611661
15831080506
13722588837
15530018614
13522940199
17631043454
13931066620
18230210612
15128888665
15233823341
18617556721
13739653544
18230229208
15081702051
13613108397
13230097777
13111320122
18311013118
13784222020
13333005376
15733449768
15131007671
13363106876
18222803432
15218553155
15630003281
15931049800
13754488725
13722588868
13603100119
15231052380
15030085654
15032400451
13112343212
15733030551
13931057702
15533339323
13522465584
18831070907
13931078627
18603103357
15226964995
15100002577
15530059117
15544732594
13001869992
15831089787
15324008059
13785052814
13832086767
15231043429
18730067824
15230079607
15103301155
13343200234
13803291866
18034105450
13722480114
15102608672
18731058372
13530378167
13930076402
15833056113
13788525469
15081635673
15028068871
15102620325
15175079719
15613057888
13131084230
15200112626
15131001633
15512710124
15833101012
13111368963
15231036236
15111222225
13603109545
15830078679
13171799817
13373109293
15383103126
15227939556
15532019778
15175438089
15511076127
15081602757
15665406678
15613008000
15028490474
13832021242
15232818289
15630000366
18731058365
15612064513
18230221412
15721025513
15188853386
18633457763
15131084825
18633666904
15081761330
15192808162
18631080333
15831864984
15614050886
15003102273
15131001625
13171782126
15832020526
15830055306
18731030811
18832032111
15097842587
18888898888
15188921123
13731046380
15930008043
13739661871
15203202115
13659869865
15028066231
13633207830
18630022808
15033086589
18633922174
15831041808
15642316564
15833800100
15128883126
15230036600
15188840079
15028081857
15101052369
15531022288
15128905665
13080408603
15033029990
13373006132
17503164554
13832078156
18730056988
13223113671
15832039151
13932042917
15232090882
15803306305
13730077024
13926256677
15102628280
15176010493
15176060707
13930003493
13633108255
13171531139
15231826208
13292029896
15932031106
15033051017
18303009737
15081024131
17713065159
18031034250
15614038335
13463069162
15175014391
15231098529
15132079070
15832063683
15831066291
18931052033
13232012135
15533318595
15350521109
15533318599
15231075891
15081605824
15230033584
15932036806
18632034021
15097668013
13290579111
13932029983
18303231050
15390601236
15530072929
17717767055
15733001958
15613080208
15232066335
18231037155
15613082867
13292087763
15832021812
15630028710
15102678515
13363062626
17703208527
15100086950
18631005065
15128888824
13230022299
15832008880
15231887225
18131040854
15231888554
18811046501
15530032864
15102618059
13730405089
13184712093
13315071855
15833808020
18232022305
13290500056
15231005917
18333183926
13047702142
18616757155
15075093208
15930011644
15833106770
15830732842
15930918794
13784219148
15902092921
15130006866
15833058765
15132932030
13503108305
13931012660
15373108586
18630089979
15130001180
15232005577
15100063463
15533333394
15033895928
13315052765
13903106099
15031033321
17745443531
13014021389
13373109203
13722370544
13739600892
15544742705
18812109235
15133009495
13223135038
15511056581
13313201327
15832024035
15833023278
15132026505
15231092342
15175070504
13730004955
15188922407
17734120433
18732020258
15733095823
18932713171
15833036570
17736175675
15031404455
13103200029
15005117211
13082133186
15181704656
13303202366
13184358525
15733609839
18903302152
13373208181
15227928800
18731092229
18833069012
15733426921
15903208685
13730081926
15033043414
13793399325
15028021361
13952332131
15030077263
13363036396
13333000329
15081776433
13722347303
18732033587
15932771439
15100344779
15133001502
13451467731
18211164263
18735412830
13930061317
15632014877
15175080799
15503029513
15200111381
13739602620
15831081068
15200110054
15100086139
15669454240
13473047269
18303206061
15357009890
13416580929
13230000893
15932204659
13383201889
18231058784
13363002165
15097666247
15030033677
18849002962
15100447001
15532042119
13518076965
15544730764
13832013671
15081070953
15383366992
15100028252
13333004746
15028044866
13730080619
15131058556
18531017132
15188859563
18703821331
15027964644
15533333360
13730415267
18631002876
13180536629
13831091581
13784210722
15830085855
13180536628
13403104872
13052874523
13501080343
15132362520
13191708788
18132233551
18730911897
15132020398
15031022693
15533058920
15303102006
15027934812
15533334696
15176029919
18931017650
15803105407
15028010667
13292076221
15632029061
15081781833
13643434343
15100066516
15030089212
15030023405
13613101083
15027950011
13730007161
15100008669
15028021322
15231828011
13356784443
13230057796
15233850009
13465845684
13785066520
13739670777
18732057558
13722382556
15931041769
15932030640
13803108044
15533333342
15831039522
13673106846
15032009219
15132035424
13831077272
15930008871
13111327561
13292002800
15233224419
13785058924
15233851327
15832094793
13730406341
18034009533
15081744798
15530090760
18676361633
15131033250
18830048464
13292030019
15653876006
18610224464
15632026806
13931073605
13803207602
15232861100
13451438460
15833006657
13831036777
13245787654
13931084359
18630095846
13733303598
13722597075
17633397865
15833441680
15831596948
18617581825
15176086450
18232019629
18330068595
15233888592
13230088125
18832002289
15226992901
15033022579
15931044016
13731045879
15831055643
15133042920
13463084804
13303209833
13730116151
13315050050
13784008214
15832035693
13739644527
15081001503
13373106200
15038838888
13363056838
18631099866
13113001234
15832001427
15100055797
15930004498
15188852857
13120447943
18603229317
15100302072
15031095527
13191717727
15203300593
15100062085
15230065926
15226930671
15081035728
17736180170
15127059426
15632016668
15831093935
15694985851
13700309201
13521325656
15830003203
15030407110
18732049887
15531052000
15227406669
15132071937
15233224460
13785400492
13932035825
18231069498
15833064567
18669882558
13784223284
15131029991
15231055323
15100090112
15214696529
15733015658
15932119632
13439632757
13283132014
15014017044
15933895961
13012108560
18632053182
18630065183
18731090570
15100030499
15830058358
18031098202
15226940000
15075066565
15803105429
13513117471
18608616232
15369007590
13731006220
15833009726
15530000379
18509331080
15903303027
15130009103
15612050835
13722390904
18330059683
15081092221
15028047176
15132067891
18931027992
13315038379
15350516559
13191708800
15233223155
13739612964
15226987580
15833018688
13582607130
15830737600
15081793754
15613189569
18931620591
15033012320
15383102633
15130012759
18630090181
18931058244
15031038942
15931009698
15231056677
15630337172
13313106936
15028060156
15133057128
15233109597
15188839899
15932461597
15930024053
17703306882
13383008151
15188830608
13383008152
13789896607
15031025686
13603103373
15081031332
13730059193
13343002458
15845874554
13047754129
13803106252
13722488814
15733018713
18600049080
13630800083
15262532145
13025322133
13633104675
13483007535
15932759789
13293053990
15303305330
13303001611
13363055522
15530051110
13832096049
15511029877
15703106868
15022636598
17703308605
13473000617
13363107211
15544718101
15383802879
15531015030
15081718574
17732066509
15176088221
13623102622
15333108188
15231088263
15833065846
18303000490
13784265926
13483415777
13590838009
15175089913
15933305769
18330036926
15097676524
15830742167
13785039797
15830021012
13314577485
17732010152
13730030325
18932592419
15931002219
15932777513
15833043686
18632009959
15530018549
13844780182
15231066857
18632674162
13303300802
13730038281
15081719870
15230010843
13731028464
15133077633
15231008159
15530032839
13633200469
13714866025
15832011620
18832043682
13754483121
13303200622
13932028690
13080409884
15205596532
13945211112
13131023256
15130010992
13785082524
15128888771
15081763920
15226925244
13739642711
15297516550
15544732440
18232020681
15303202141
18731097110
15630086557
15532048351
15532003482
15097663221
18232002816
13613100515
18132967002
15100081234
15127066603
13803201530
15632070116
13831055909
13513303135
13043104613
15028490530
13623203219
18931620529
13730412255
15188916501
15130034950
15176006393
15297512186
18931039927
15028072979
15081005005
18571900383
13754845474
15232851703
15128099988
15132088752
15011321185
15932046218
13091103172
15130020322
15233889035
18132201089
15831033467
13623103076
15122335566
13082139269
15075029573
15100050921
18303373005
15028081002
18131062105
18603103465
15081791180
15830763067
13984744747
15100070593
15933001743
15068347919
18632025152
15081630062
15612072191
15081752405
13730026269
15033060895
15531001275
18730060285
13021465478
15232043743
18632017537
15102616259
15128904437
13832561254
18903307010
13931054577
15803206917
13082148142
13785031803
13363007060
15630333666
13731016410
13653205023
15030052882
15013250345
18932703700
18031030605
15612028055
15511009422
18303385001
15100082512
18686514151
15033895050
15032029629
18131030501
15630040345
15100303362
15127051590
15133007784
15544770718
13283113700
15128032830
15128886151
18631050567
13315647396
18903203353
18003300345
13670697066
13522664455
15832065440
13585858585
15931042299
18931023533
13111321333
15369034356
13393006667
15128880855
13977858785
15081702161
13931074143
15102631883
15716815885
15188892905
15731062029
13031467504
18730037079
15127015035
13832006565
13111359934
15932104583
15833000502
15233813883
15284398279
17631090742
13013202106
18303362367
13826540002
17732071926
18230103416
18630005576
18231090959
13292016521
15231073177
13722388667
13930063026
13091115105
13847965247
